0.0001
0.010098
0.020096
0.030094
0.040092
0.05009
0.060088
0.070086
0.080084
0.090082
0.10008
0.110078
0.120076
0.130074
0.140072
0.15007
0.160068
0.170066
0.180064
0.190062
0.20006
0.210058
0.220056
0.230054
0.240052
0.25005
0.260048
0.270046
0.280044
0.290042
0.30004
0.310038
0.320036
0.330034
0.340032
0.35003
0.360028
0.370026
0.380024
0.390022
0.40002
0.410018
0.420016
0.430014
0.440012
0.45001
0.460008
0.470006
0.480004
0.490002
0.5
0.509998
0.519996
0.529994
0.539992
0.54999
0.559988
0.569986
0.579984
0.589982
0.59998
0.609978
0.619976
0.629974
0.639972
0.64997
0.659968
0.669966
0.679964
0.689962
0.69996
0.709958
0.719956
0.729954
0.739952
0.74995
0.759948
0.769946
0.779944
0.789942
0.79994
0.809938
0.819936
0.829934
0.839932
0.84993
0.859928
0.869926
0.879924
0.889922
0.89992
0.909918
0.919916
0.929914
0.939912
0.94991
0.959908
0.969906
0.979904
0.989902
