0.000118448 4.10366e-05 2.34288e-05 0.0002 
0.000143144 5.95934e-05 3.49017e-05 0.0003 
0.00019622 0.000100217 6.77758e-05 0.0006 
0.000231221 0.000131405 8.98625e-05 0.0008 
0.000307209 0.000212627 0.000116133 0.001 
0.000339665 0.000238856 0.000146863 0.0013 
0.000421833 0.000322913 0.000182297 0.0016 
0.000464764 0.000360955 0.000222641 0.002 
0.00056762 0.00046585 0.000268059 0.0024 
0.000637446 0.000533204 0.000318674 0.0029 
0.000776648 0.000675203 0.000374564 0.0034 
0.000890271 0.000788539 0.000435759 0.004 
0.00108015 0.000981634 0.000502245 0.0046 
0.00115474 0.00105297 0.000573962 0.0054 
0.00131313 0.00121182 0.000650805 0.0062 
0.00155911 0.00146086 0.000732631 0.007 
0.00170058 0.00160123 0.000819257 0.008 
0.00183831 0.00173768 0.000910469 0.0091 
0.00207509 0.00197574 0.00100602 0.0102 
0.00221693 0.00211624 0.00110566 0.0115 
0.00246522 0.00236551 0.00120909 0.0128 
0.00272434 0.00262553 0.00131602 0.0142 
0.0028996 0.00279995 0.00142615 0.0158 
0.00309269 0.00299252 0.00153918 0.0175 
0.00340646 0.00330761 0.00165481 0.0192 
0.00354778 0.00344756 0.00177276 0.0212 
0.00381703 0.00371727 0.00189275 0.0232 
0.00411827 0.00401927 0.00201452 0.0253 
0.00435669 0.00425758 0.00213783 0.0276 
0.00453583 0.00443594 0.00226245 0.0301 
0.00485681 0.0047577 0.00238818 0.0326 
0.00512546 0.0050265 0.00251485 0.0353 
0.00534583 0.00524654 0.00264229 0.0382 
0.00561968 0.00552057 0.00277037 0.0412 
0.00585239 0.00575307 0.00289897 0.0444 
0.00614579 0.00604679 0.003028 0.0477 
0.006405 0.006306 0.00315738 0.0512 
0.00663393 0.00653471 0.00328706 0.0549 
0.00683541 0.00673577 0.00341699 0.0588 
0.00711255 0.00701306 0.00354715 0.0628 
0.00737019 0.00727071 0.00367751 0.067 
0.00771025 0.00761131 0.00380808 0.0713 
0.00793935 0.00784021 0.00393886 0.0759 
0.00815912 0.00805974 0.00406987 0.0807 
0.00847257 0.00837351 0.00420112 0.0856 
0.0086859 0.00858657 0.00433264 0.0908 
0.00899974 0.00890072 0.00446447 0.0961 
0.00922036 0.0091211 0.00459664 0.1017 
0.00954954 0.00945065 0.00472918 0.1074 
0.00979241 0.00969341 0.00486214 0.1134 
0.0100518 0.00995278 0.00499555 0.1196 
0.0103319 0.0102329 0.00512945 0.126 
0.0105365 0.0104372 0.00526388 0.1327 
0.010868 0.010769 0.00539888 0.1395 
0.0111312 0.0110322 0.00553448 0.1466 
0.0114292 0.0113303 0.00567072 0.1539 
0.0116675 0.0115685 0.00580763 0.1615 
0.0119472 0.0118483 0.00594524 0.1693 
0.0121739 0.0120748 0.00608358 0.1774 
0.0124508 0.0123516 0.00622268 0.1857 
0.0127801 0.0126812 0.00636256 0.1942 
0.0130681 0.0129692 0.00650324 0.203 
0.0133172 0.0132182 0.00664474 0.2121 
0.0136304 0.0135316 0.00678708 0.2214 
0.0139136 0.0138148 0.00693027 0.231 
0.014169 0.0140701 0.00707433 0.2409 
0.0144997 0.0144009 0.00721926 0.251 
0.0148116 0.0147129 0.00736509 0.2614 
0.0151068 0.0150082 0.0075118 0.2721 
0.0153909 0.0152922 0.00765942 0.2831 
0.0156659 0.0155671 0.00780794 0.2944 
0.0159364 0.0158375 0.00795737 0.306 
0.0163057 0.0162071 0.00810772 0.3178 
0.0165826 0.0164839 0.00825897 0.33 
0.0168569 0.0167582 0.00841114 0.3425 
0.0171518 0.0170531 0.00856422 0.3553 
0.0174618 0.017363 0.00871822 0.3684 
0.0177801 0.0176814 0.00887313 0.3818 
0.0181315 0.0180329 0.00902894 0.3955 
0.0184001 0.0183014 0.00918567 0.4096 
0.0187102 0.0186115 0.0093433 0.424 
0.019055 0.0189564 0.00950184 0.4387 
0.0193284 0.0192297 0.00966128 0.4538 
0.0196561 0.0195574 0.00982162 0.4692 
0.0200306 0.019932 0.00998286 0.4849 
0.0203452 0.0202466 0.010145 0.501 
0.0206284 0.0205298 0.010308 0.5175 
0.0209715 0.0208729 0.010472 0.5343 
0.0213643 0.0212659 0.0106368 0.5514 
0.021641 0.0215425 0.0108025 0.569 
0.0219759 0.0218774 0.0109691 0.5869 
0.0223022 0.0222037 0.0111366 0.6052 
0.0226107 0.0225122 0.011305 0.6239 
0.0229892 0.0228907 0.0114742 0.6429 
0.0233734 0.0232751 0.0116444 0.6623 
0.0236543 0.0235558 0.0118154 0.6822 
0.0240188 0.0239204 0.0119874 0.7024 
0.0244022 0.0243039 0.0121602 0.723 
0.0246964 0.024598 0.0123339 0.7441 
0.0250865 0.0249882 0.0125085 0.7655 
0.0254126 0.0253142 0.012684 0.7874 
0.0257451 0.0256467 0.0128604 0.8097 
0.0261219 0.0260236 0.0130377 0.8324 
0.0264332 0.0263348 0.0132159 0.8556 
0.0268628 0.0267645 0.013395 0.8791 
0.0271546 0.0270563 0.0135749 0.9032 
0.027593 0.0274949 0.0137558 0.9276 
0.0279673 0.0278691 0.0139376 0.9525 
0.0283179 0.0282198 0.0141202 0.9779 
0.0286341 0.0285359 0.0143038 1.0038 
0.0289988 0.0289005 0.0144883 1.0301 
0.0293573 0.029259 0.0146737 1.0569 
0.0297742 0.029676 0.01486 1.0841 
0.0300981 0.0299999 0.0150472 1.1119 
0.0305111 0.0304129 0.0152353 1.1401 
0.030901 0.0308029 0.0154244 1.1688 
0.0313134 0.0312154 0.0156144 1.198 
0.0316355 0.0315373 0.0158053 1.2278 
0.0320471 0.031949 0.0159971 1.258 
0.0324026 0.0323045 0.0161899 1.2888 
0.0327831 0.0326849 0.0163836 1.3201 
0.0331715 0.0330734 0.0165782 1.3519 
0.0336207 0.0335227 0.0167738 1.3842 
0.0339914 0.0338933 0.0169703 1.4171 
0.0343377 0.0342396 0.0171678 1.4506 
0.0347409 0.0346428 0.0173663 1.4846 
0.0351812 0.0350832 0.0175657 1.5191 
0.0356171 0.0355192 0.0177661 1.5542 
0.0360292 0.0359313 0.0179674 1.5899 
0.0364007 0.0363027 0.0181697 1.6262 
0.0367886 0.0366907 0.018373 1.6631 
0.0371747 0.0370768 0.0185773 1.7006 
0.0376374 0.0375395 0.0187826 1.7386 
0.0380403 0.0379424 0.0189889 1.7773 
0.0384351 0.0383372 0.0191962 1.8166 
0.0388828 0.0387849 0.0194045 1.8565 
0.0392686 0.0391707 0.0196139 1.8971 
0.0396644 0.0395665 0.0198242 1.9383 
0.0401388 0.0400409 0.0200356 1.9801 
0.0405709 0.0404731 0.020248 2.0226 
0.0409423 0.0408444 0.0204615 2.0658 
0.0414134 0.0413156 0.020676 2.1096 
0.0418687 0.0417709 0.0208916 2.1541 
0.0422859 0.0421881 0.0211083 2.1993 
0.0427301 0.0426323 0.021326 2.2452 
0.0431518 0.043054 0.0215448 2.2918 
0.0436211 0.0435234 0.0217647 2.3391 
0.0440181 0.0439204 0.0219857 2.3872 
0.0444171 0.0443193 0.0222078 2.436 
0.0448907 0.0447929 0.022431 2.4855 
0.0453182 0.0452204 0.0226553 2.5358 
0.045777 0.0456793 0.0228808 2.5868 
0.0462409 0.0461431 0.0231074 2.6386 
0.0466902 0.0465924 0.0233352 2.6912 
0.0471936 0.0470959 0.0235641 2.7445 
0.047638 0.0475403 0.0237942 2.7987 
0.0480617 0.0479639 0.0240255 2.8537 
0.04854 0.0484423 0.0242579 2.9095 
0.0490572 0.0489596 0.0244916 2.9661 
0.0494805 0.0493828 0.0247264 3.0236 
0.0499994 0.0499018 0.0249625 3.0819 
0.0504863 0.0503887 0.0251998 3.1411 
0.0509194 0.0508218 0.0254384 3.2012 
0.0513792 0.0512815 0.0256782 3.2622 
0.0518448 0.0517471 0.0259193 3.3241 
0.0523864 0.0522888 0.0261617 3.3868 
0.0528918 0.0527942 0.0264053 3.4505 
0.0533978 0.0533002 0.0266502 3.5151 
0.0538057 0.0537081 0.0268965 3.5808 
0.0543754 0.0542779 0.0271441 3.6473 
0.0548829 0.0547854 0.027393 3.7148 
0.0553307 0.0552332 0.0276433 3.7834 
0.0558797 0.0557822 0.0278949 3.8529 
0.056312 0.0562144 0.0281479 3.9235 
0.0568219 0.0567243 0.0284023 3.9951 
0.0573811 0.0572836 0.0286581 4.0677 
0.0578623 0.0577648 0.0289153 4.1414 
0.0583726 0.0582751 0.029174 4.2162 
0.0589292 0.0588317 0.0294341 4.292 
0.0594391 0.0593416 0.0296956 4.369 
0.0599857 0.0598882 0.0299587 4.4471 
0.0605228 0.0604253 0.0302232 4.5263 
0.0610742 0.0609768 0.0304893 4.6067 
0.0615941 0.0614967 0.0307568 4.6883 
0.0620673 0.0619698 0.0310259 4.7711 
0.062603 0.0625055 0.0312966 4.8551 
0.0631623 0.0630649 0.0315688 4.9403 
0.0637309 0.0636334 0.0318427 5.0267 
0.064306 0.0642086 0.0321181 5.1144 
0.0648656 0.0647682 0.0323951 5.2034 
0.0653867 0.0652892 0.0326738 5.2937 
0.0659857 0.0658883 0.0329542 5.3853 
0.0664837 0.0663863 0.0332363 5.4783 
0.0670866 0.0669892 0.03352 5.5726 
0.0676856 0.0675882 0.0338055 5.6683 
0.0682374 0.06814 0.0340927 5.7654 
0.0687668 0.0686694 0.0343816 5.864 
0.0693499 0.0692525 0.0346723 5.964 
0.0699645 0.0698671 0.0349649 6.0654 
0.07052 0.0704226 0.0352592 6.1684 
0.0712012 0.0711039 0.0355554 6.2728 
0.07178 0.0716827 0.0358535 6.3788 
0.0723749 0.0722776 0.0361534 6.4864 
0.0730066 0.0729093 0.0364552 6.5955 
0.0735289 0.0734315 0.036759 6.7064 
0.0741884 0.0740911 0.0370647 6.8188 
0.074769 0.0746717 0.0373724 6.9329 
0.0754082 0.0753109 0.0376821 7.0487 
0.076073 0.0759756 0.0379938 7.1662 
0.0766451 0.0765477 0.0383076 7.2855 
0.0772526 0.0771552 0.0386234 7.4066 
0.0779734 0.0778762 0.0389413 7.5294 
0.078593 0.0784957 0.0392614 7.6541 
0.0792431 0.0791458 0.0395836 7.7807 
0.079844 0.0797467 0.039908 7.9092 
0.0805453 0.080448 0.0402346 8.0396 
0.0812164 0.0811191 0.0405634 8.172 
0.0818381 0.0817408 0.0408945 8.3064 
0.0824678 0.0823705 0.0412279 8.4429 
0.083153 0.0830556 0.0415635 8.5814 
0.0838112 0.0837139 0.0419016 8.722 
0.0845686 0.0844713 0.042242 8.8647 
0.0852143 0.085117 0.0425848 9.0097 
0.085926 0.0858288 0.0429301 9.1568 
0.0865587 0.0864614 0.0432778 9.3063 
0.0873399 0.0872426 0.0436281 9.4579 
0.0880307 0.0879334 0.0439809 9.612 
0.0886953 0.088598 0.0443362 9.7685 
0.089435 0.0893377 0.0446942 9.9273 
0.0901124 0.0900151 0.0450548 10.0887 
0.0909094 0.0908122 0.0454181 10.2525 
0.0915983 0.091501 0.0457841 10.4189 
0.0923576 0.0922603 0.0461528 10.5879 
0.0930792 0.0929819 0.0465243 10.7596 
0.0938487 0.0937514 0.0468987 10.9339 
0.0946354 0.0945382 0.0472759 11.111 
0.0953562 0.095259 0.047656 11.2909 
0.0961252 0.0960279 0.0480391 11.4737 
0.0968897 0.0967925 0.0484251 11.6594 
0.0976636 0.0975663 0.0488142 11.848 
0.0984482 0.098351 0.0492064 12.0397 
0.099288 0.0991908 0.0496016 12.2344 
0.100873 0.100776 0.0504016 12.4317 
0.101619 0.101521 0.0508065 12.4312 
0.10252 0.102422 0.0512146 12.4306 
0.103261 0.103164 0.0516261 12.4301 
0.104089 0.103991 0.052041 12.4296 
0.104926 0.104829 0.0524593 12.429 
0.105769 0.105671 0.0528811 12.4284 
0.106686 0.106589 0.0533064 12.4278 
0.107551 0.107454 0.0537354 12.4272 
0.108383 0.108286 0.0541679 12.4266 
0.10923 0.109132 0.0546042 12.4261 
0.110176 0.110079 0.0550442 12.4254 
0.111025 0.110928 0.055488 12.4248 
0.111875 0.111777 0.0559357 12.4243 
0.112853 0.112756 0.0563874 12.4236 
0.113707 0.11361 0.056843 12.4231 
0.11466 0.114563 0.0573026 12.4224 
0.115615 0.115517 0.0577663 12.4217 
0.116498 0.116401 0.0582343 12.4212 
0.117457 0.11736 0.0587064 12.4205 
0.118444 0.118346 0.0591829 12.4198 
0.119411 0.119314 0.0596637 12.4192 
0.120379 0.120282 0.0601489 12.4185 
0.121373 0.121276 0.0606387 12.4178 
0.122349 0.122251 0.061133 12.4172 
0.123344 0.123246 0.061632 12.4165 
0.124335 0.124237 0.0621357 12.4159 
0.125332 0.125234 0.0626442 12.4152 
0.126411 0.126314 0.0631575 12.4144 
0.127433 0.127335 0.0636759 12.4138 
0.128425 0.128328 0.0641992 12.4131 
0.129539 0.129442 0.0647277 12.4123 
0.130538 0.130441 0.0652613 12.4117 
0.131663 0.131566 0.0658003 12.4109 
0.132775 0.132677 0.0663446 12.4101 
0.133807 0.133709 0.0668944 12.4095 
0.134923 0.134826 0.0674497 12.4087 
0.136063 0.135966 0.0680107 12.408 
0.137192 0.137095 0.0685774 12.4072 
0.138316 0.138218 0.0691499 12.4064 
0.139468 0.13937 0.0697284 12.4057 
0.140704 0.140606 0.0703129 12.4048 
0.14186 0.141763 0.0709036 12.404 
0.143022 0.142925 0.0715005 12.4033 
0.144262 0.144165 0.0721037 12.4024 
0.145514 0.145417 0.0727134 12.4015 
0.146693 0.146595 0.0733297 12.4008 
0.147961 0.147864 0.0739527 12.3999 
0.149247 0.14915 0.0745825 12.3991 
0.150516 0.150418 0.0752192 12.3982 
0.151799 0.151701 0.075863 12.3973 
0.153087 0.152989 0.0765139 12.3965 
0.154381 0.154284 0.0771722 12.3956 
0.155769 0.155671 0.0778379 12.3946 
0.15709 0.156992 0.0785112 12.3938 
0.158391 0.158294 0.0791922 12.3929 
0.159805 0.159707 0.0798811 12.3919 
0.161224 0.161127 0.0805779 12.391 
0.162637 0.162539 0.0812829 12.39 
0.164004 0.163906 0.0819963 12.3892 
0.165511 0.165414 0.082718 12.3881 
0.166944 0.166846 0.0834484 12.3871 
0.168415 0.168318 0.0841876 12.3862 
0.169875 0.169777 0.0849358 12.3852 
0.171411 0.171314 0.085693 12.3841 
0.173008 0.17291 0.0864596 12.3831 
0.174563 0.174466 0.0872356 12.382 
0.176132 0.176035 0.0880213 12.3809 
0.177635 0.177538 0.0888168 12.38 
0.179317 0.179219 0.0896224 12.3788 
0.180936 0.180838 0.0904382 12.3778 
0.182536 0.182438 0.0912645 12.3767 
0.184229 0.184131 0.0921014 12.3755 
0.185976 0.185878 0.0929492 12.3744 
0.187692 0.187594 0.0938081 12.3732 
0.189412 0.189314 0.0946783 12.372 
0.191173 0.191076 0.09556 12.3709 
0.192923 0.192825 0.0964536 12.3697 
0.194752 0.194654 0.0973591 12.3684 
0.196562 0.196464 0.098277 12.3673 
0.198502 0.198405 0.0992073 12.3659 
0.200373 0.200275 0.100151 12.3647 
0.202249 0.202151 0.101107 12.3635 
0.204212 0.204114 0.102076 12.362 
0.206208 0.20611 0.10306 12.3609 
0.208175 0.208078 0.104057 12.3595 
0.210206 0.210108 0.105068 12.358 
0.212194 0.212097 0.106094 12.3568 
0.214358 0.21426 0.107135 12.3553 
0.216396 0.216298 0.108191 12.3539 
0.218593 0.218495 0.109263 12.3526 
0.220773 0.220675 0.11035 12.351 
0.222909 0.222811 0.111454 12.3496 
0.225205 0.225107 0.112574 12.3481 
0.227452 0.227354 0.113711 12.3465 
0.229794 0.229696 0.114866 12.3451 
0.232137 0.232039 0.116038 12.3434 
0.234539 0.234442 0.117229 12.3418 
0.236917 0.236819 0.118438 12.3403 
0.239423 0.239326 0.119666 12.3385 
0.241833 0.241736 0.120914 12.3369 
0.244459 0.244361 0.122181 12.3351 
0.246996 0.246898 0.12347 12.3335 
0.24958 0.249482 0.124779 12.3317 
0.252281 0.252183 0.126109 12.3299 
0.254991 0.254893 0.127462 12.3281 
0.257711 0.257613 0.128837 12.3264 
0.260546 0.260448 0.130235 12.3244 
0.263355 0.263257 0.131657 12.3225 
0.266225 0.266127 0.133103 12.3207 
0.269241 0.269143 0.134574 12.3186 
0.272192 0.272094 0.13607 12.3165 
0.27519 0.275092 0.137593 12.3147 
0.278372 0.278274 0.139142 12.3124 
0.281446 0.281348 0.140719 12.3103 
0.284653 0.284555 0.142325 12.3084 
0.288014 0.287916 0.143959 12.306 
0.291332 0.291234 0.145623 12.3039 
0.294727 0.294629 0.147318 12.3016 
0.298175 0.298077 0.149044 12.2992 
0.30166 0.301562 0.150803 12.2971 
0.305279 0.305181 0.152594 12.2945 
0.308854 0.308756 0.15442 12.2921 
0.312655 0.312557 0.156281 12.2897 
0.31636 0.316262 0.158178 12.2872 
0.320273 0.320175 0.160112 12.2845 
0.324215 0.324117 0.162084 12.282 
0.328226 0.328128 0.164095 12.2792 
0.332376 0.332278 0.166147 12.2766 
0.336548 0.336449 0.16824 12.2737 
0.340774 0.340676 0.170376 12.2708 
0.345184 0.345086 0.172557 12.2681 
0.349603 0.349504 0.174782 12.265 
0.354111 0.354012 0.177055 12.262 
0.358827 0.358729 0.179375 12.2589 
0.363505 0.363407 0.181746 12.2558 
0.368377 0.368279 0.184168 12.2525 
0.37332 0.373222 0.186642 12.2493 
0.378407 0.378309 0.189171 12.2458 
0.383569 0.38347 0.191757 12.2426 
0.388876 0.388778 0.1944 12.2389 
0.394241 0.394143 0.197104 12.2353 
0.399804 0.399705 0.19987 12.2318 
0.40544 0.405342 0.2027 12.228 
0.411193 0.411094 0.205596 12.2241 
0.417204 0.417106 0.20856 12.2202 
0.423219 0.423121 0.211595 12.2161 
0.429463 0.429365 0.214704 12.2119 
0.435846 0.435747 0.217888 12.2078 
0.44236 0.442261 0.221151 12.2034 
0.449089 0.44899 0.224496 12.1992 
0.455863 0.455764 0.227924 12.1946 
0.462969 0.462871 0.23144 12.1898 
0.470183 0.470085 0.235046 12.1852 
0.477586 0.477487 0.238746 12.1802 
0.485119 0.485021 0.242543 12.1751 
0.492922 0.492823 0.246442 12.1702 
0.500903 0.500805 0.250445 12.1648 
0.509161 0.509063 0.254557 12.1592 
0.517587 0.517488 0.258783 12.1539 
0.52631 0.526211 0.263126 12.148 
0.535195 0.535096 0.267592 12.1424 
0.544409 0.54431 0.272185 12.1362 
0.553848 0.55375 0.276911 12.1299 
0.563609 0.563511 0.281775 12.1237 
0.573659 0.57356 0.286782 12.1169 
0.583898 0.583799 0.29194 12.1101 
0.594539 0.59444 0.297255 12.1034 
0.605541 0.605443 0.302732 12.096 
0.616808 0.616709 0.30838 12.0885 
0.628459 0.62836 0.314206 12.0811 
0.640449 0.64035 0.320219 12.0732 
0.6529 0.652801 0.326426 12.0653 
0.665677 0.665578 0.332836 12.0568 
0.67896 0.678861 0.33946 12.048 
0.692638 0.692539 0.346308 12.0394 
0.706811 0.706712 0.353389 12.03 
0.721485 0.721387 0.360716 12.0203 
0.736632 0.736533 0.368302 12.0108 
0.752412 0.752313 0.376158 12.0004 
0.768619 0.76852 0.384299 11.9898 
0.785541 0.785442 0.392739 11.9791 
0.80302 0.802921 0.401495 11.9677 
0.821178 0.821079 0.410583 11.9563 
0.84011 0.840011 0.420022 11.944 
0.859688 0.859589 0.42983 11.9313 
0.880111 0.880012 0.440028 11.9185 
0.90132 0.901221 0.450639 11.9048 
0.923442 0.923343 0.461686 11.8905 
0.946458 0.946359 0.473196 11.8762 
0.970482 0.970383 0.485196 11.8608 
0.995529 0.995429 0.497716 11.8448 
1.02163 1.02153 0.510788 11.8287 
1.04899 1.04889 0.524447 11.8113 
1.07755 1.07745 0.538732 11.7938 
1.10743 1.10734 0.553683 11.775 
1.13873 1.13863 0.569345 11.7554 
1.17163 1.17153 0.585766 11.7354 
1.206 1.2059 0.603 11.7141 
1.24224 1.24214 0.621104 11.6917 
1.28036 1.28026 0.640143 11.6689 
1.32038 1.32028 0.660184 11.6445 
1.36265 1.36255 0.681306 11.6189 
1.40719 1.40709 0.703592 11.5928 
1.4543 1.4542 0.727134 11.5647 
1.50408 1.50398 0.752036 11.5353 
1.55689 1.55679 0.778412 11.5051 
1.61282 1.61272 0.806389 11.4728 
1.67225 1.67215 0.836108 11.4396 
1.73548 1.73538 0.867727 11.404 
1.80293 1.80283 0.901426 11.3666 
1.87489 1.87479 0.937405 11.3282 
1.95185 1.95175 0.97589 11.2871 
2.03434 2.03424 1.01714 11.244 
2.12295 2.12285 1.06145 11.1997 
2.21842 2.21832 1.10917 11.1527 
2.32135 2.32125 1.16067 11.1035 
2.43293 2.43283 1.21642 11.0532 
2.55395 2.55385 1.27695 11.0003 
2.68588 2.68578 1.3429 10.947 
2.83001 2.82991 1.415 10.8916 
2.98838 2.98828 1.49416 10.8357 
3.16301 3.16291 1.58149 10.7819 
3.35668 3.35658 1.67834 10.7294 
3.57295 3.57285 1.78644 10.682 
3.81604 3.81594 1.90799 10.6451 
4.09189 4.09179 2.04591 10.6224 
4.40835 4.40825 2.20416 10.6252 
4.77688 4.77678 2.3884 10.6719 
5.21427 5.21417 2.6071 10.7891 
5.74804 5.74794 2.87401 11.0361 
6.42807 6.42797 3.21403 11.528 
7.36292 7.36282 3.68146 12.573 
8.90171 8.90161 4.45082 15.3759 
