6.85966e-08 0.0125664 
 5.48717e-07 0.0251327 
 1.85145e-06 0.0376991 
 4.38653e-06 0.0502655 
 8.5609e-06 0.0628319 
 1.47767e-05 0.0753982 
 2.34288e-05 0.0879646 
 3.49017e-05 0.100531 
 4.95662e-05 0.113097 
 6.77758e-05 0.125664 
 8.98625e-05 0.13823 
 0.000116133 0.150796 
 0.000146863 0.163363 
 0.000182297 0.175929 
 0.000222641 0.188496 
 0.000268059 0.201062 
 0.000318674 0.213628 
 0.000374564 0.226195 
 0.000435759 0.238761 
 0.000502245 0.251327 
 0.000573962 0.263894 
 0.000650805 0.27646 
 0.000732631 0.289027 
 0.000819257 0.301593 
 0.000910469 0.314159 
 0.00100602 0.326726 
 0.00110566 0.339292 
 0.00120909 0.351858 
 0.00131602 0.364425 
 0.00142615 0.376991 
 0.00153918 0.389557 
 0.00165481 0.402124 
 0.00177276 0.41469 
 0.00189275 0.427257 
 0.00201452 0.439823 
 0.00213783 0.452389 
 0.00226245 0.464956 
 0.00238818 0.477522 
 0.00251485 0.490088 
 0.00264229 0.502655 
 0.00277037 0.515221 
 0.00289897 0.527788 
 0.003028 0.540354 
 0.00315738 0.55292 
 0.00328706 0.565487 
 0.00341699 0.578053 
 0.00354715 0.590619 
 0.00367751 0.603186 
 0.00380808 0.615752 
 0.00393886 0.628319 
 0.00406987 0.640885 
 0.00420112 0.653451 
 0.00433264 0.666018 
 0.00446447 0.678584 
 0.00459664 0.69115 
 0.00472918 0.703717 
 0.00486214 0.716283 
 0.00499555 0.728849 
 0.00512945 0.741416 
 0.00526388 0.753982 
 0.00539888 0.766549 
 0.00553448 0.779115 
 0.00567072 0.791681 
 0.00580763 0.804248 
 0.00594524 0.816814 
 0.00608358 0.82938 
 0.00622268 0.841947 
 0.00636256 0.854513 
 0.00650324 0.86708 
 0.00664474 0.879646 
 0.00678708 0.892212 
 0.00693027 0.904779 
 0.00707433 0.917345 
 0.00721926 0.929911 
 0.00736509 0.942478 
 0.0075118 0.955044 
 0.00765942 0.967611 
 0.00780794 0.980177 
 0.00795737 0.992743 
 0.00810772 1.00531 
 0.00825897 1.01788 
 0.00841114 1.03044 
 0.00856422 1.04301 
 0.00871822 1.05558 
 0.00887313 1.06814 
 0.00902894 1.08071 
 0.00918567 1.09327 
 0.0093433 1.10584 
 0.00950184 1.11841 
 0.00966128 1.13097 
 0.00982162 1.14354 
 0.00998286 1.15611 
 0.010145 1.16867 
 0.010308 1.18124 
 0.010472 1.19381 
 0.0106368 1.20637 
 0.0108025 1.21894 
 0.0109691 1.2315 
 0.0111366 1.24407 
 0.011305 1.25664 
 0.0114742 1.2692 
 0.0116444 1.28177 
 0.0118154 1.29434 
 0.0119874 1.3069 
 0.0121602 1.31947 
 0.0123339 1.33204 
 0.0125085 1.3446 
 0.012684 1.35717 
 0.0128604 1.36973 
 0.0130377 1.3823 
 0.0132159 1.39487 
 0.013395 1.40743 
 0.0135749 1.42 
 0.0137558 1.43257 
 0.0139376 1.44513 
 0.0141202 1.4577 
 0.0143038 1.47027 
 0.0144883 1.48283 
 0.0146737 1.4954 
 0.01486 1.50796 
 0.0150472 1.52053 
 0.0152353 1.5331 
 0.0154244 1.54566 
 0.0156144 1.55823 
 0.0158053 1.5708 
 0.0159971 1.58336 
 0.0161899 1.59593 
 0.0163836 1.6085 
 0.0165782 1.62106 
 0.0167738 1.63363 
 0.0169703 1.64619 
 0.0171678 1.65876 
 0.0173663 1.67133 
 0.0175657 1.68389 
 0.0177661 1.69646 
 0.0179674 1.70903 
 0.0181697 1.72159 
 0.018373 1.73416 
 0.0185773 1.74673 
 0.0187826 1.75929 
 0.0189889 1.77186 
 0.0191962 1.78442 
 0.0194045 1.79699 
 0.0196139 1.80956 
 0.0198242 1.82212 
 0.0200356 1.83469 
 0.020248 1.84726 
 0.0204615 1.85982 
 0.020676 1.87239 
 0.0208916 1.88496 
 0.0211083 1.89752 
 0.021326 1.91009 
 0.0215448 1.92265 
 0.0217647 1.93522 
 0.0219857 1.94779 
 0.0222078 1.96035 
 0.022431 1.97292 
 0.0226553 1.98549 
 0.0228808 1.99805 
 0.0231074 2.01062 
 0.0233352 2.02319 
 0.0235641 2.03575 
 0.0237942 2.04832 
 0.0240255 2.06088 
 0.0242579 2.07345 
 0.0244916 2.08602 
 0.0247264 2.09858 
 0.0249625 2.11115 
 0.0251998 2.12372 
 0.0254384 2.13628 
 0.0256782 2.14885 
 0.0259193 2.16142 
 0.0261617 2.17398 
 0.0264053 2.18655 
 0.0266502 2.19911 
 0.0268965 2.21168 
 0.0271441 2.22425 
 0.027393 2.23681 
 0.0276433 2.24938 
 0.0278949 2.26195 
 0.0281479 2.27451 
 0.0284023 2.28708 
 0.0286581 2.29965 
 0.0289153 2.31221 
 0.029174 2.32478 
 0.0294341 2.33734 
 0.0296956 2.34991 
 0.0299587 2.36248 
 0.0302232 2.37504 
 0.0304893 2.38761 
 0.0307568 2.40018 
 0.0310259 2.41274 
 0.0312966 2.42531 
 0.0315688 2.43788 
 0.0318427 2.45044 
 0.0321181 2.46301 
 0.0323951 2.47558 
 0.0326738 2.48814 
 0.0329542 2.50071 
 0.0332363 2.51327 
 0.03352 2.52584 
 0.0338055 2.53841 
 0.0340927 2.55097 
 0.0343816 2.56354 
 0.0346723 2.57611 
 0.0349649 2.58867 
 0.0352592 2.60124 
 0.0355554 2.61381 
 0.0358535 2.62637 
 0.0361534 2.63894 
 0.0364552 2.6515 
 0.036759 2.66407 
 0.0370647 2.67664 
 0.0373724 2.6892 
 0.0376821 2.70177 
 0.0379938 2.71434 
 0.0383076 2.7269 
 0.0386234 2.73947 
 0.0389413 2.75204 
 0.0392614 2.7646 
 0.0395836 2.77717 
 0.039908 2.78973 
 0.0402346 2.8023 
 0.0405634 2.81487 
 0.0408945 2.82743 
 0.0412279 2.84 
 0.0415635 2.85257 
 0.0419016 2.86513 
 0.042242 2.8777 
 0.0425848 2.89027 
 0.0429301 2.90283 
 0.0432778 2.9154 
 0.0436281 2.92796 
 0.0439809 2.94053 
 0.0443362 2.9531 
 0.0446942 2.96566 
 0.0450548 2.97823 
 0.0454181 2.9908 
 0.0457841 3.00336 
 0.0461528 3.01593 
 0.0465243 3.0285 
 0.0468987 3.04106 
 0.0472759 3.05363 
 0.047656 3.06619 
 0.0480391 3.07876 
 0.0484251 3.09133 
 0.0488142 3.10389 
 0.0492064 3.11646 
 0.0496016 3.12903 
 0.05 3.14159 
 0.0504016 3.15416 
 0.0508065 3.16673 
 0.0512146 3.17929 
 0.0516261 3.19186 
 0.052041 3.20442 
 0.0524593 3.21699 
 0.0528811 3.22956 
 0.0533064 3.24212 
 0.0537354 3.25469 
 0.0541679 3.26726 
 0.0546042 3.27982 
 0.0550442 3.29239 
 0.055488 3.30496 
 0.0559357 3.31752 
 0.0563874 3.33009 
 0.056843 3.34265 
 0.0573026 3.35522 
 0.0577663 3.36779 
 0.0582343 3.38035 
 0.0587064 3.39292 
 0.0591829 3.40549 
 0.0596637 3.41805 
 0.0601489 3.43062 
 0.0606387 3.44319 
 0.061133 3.45575 
 0.061632 3.46832 
 0.0621357 3.48088 
 0.0626442 3.49345 
 0.0631575 3.50602 
 0.0636759 3.51858 
 0.0641992 3.53115 
 0.0647277 3.54372 
 0.0652613 3.55628 
 0.0658003 3.56885 
 0.0663446 3.58142 
 0.0668944 3.59398 
 0.0674497 3.60655 
 0.0680107 3.61911 
 0.0685774 3.63168 
 0.0691499 3.64425 
 0.0697284 3.65681 
 0.0703129 3.66938 
 0.0709036 3.68195 
 0.0715005 3.69451 
 0.0721037 3.70708 
 0.0727134 3.71965 
 0.0733297 3.73221 
 0.0739527 3.74478 
 0.0745825 3.75734 
 0.0752192 3.76991 
 0.075863 3.78248 
 0.0765139 3.79504 
 0.0771722 3.80761 
 0.0778379 3.82018 
 0.0785112 3.83274 
 0.0791922 3.84531 
 0.0798811 3.85788 
 0.0805779 3.87044 
 0.0812829 3.88301 
 0.0819963 3.89557 
 0.082718 3.90814 
 0.0834484 3.92071 
 0.0841876 3.93327 
 0.0849358 3.94584 
 0.085693 3.95841 
 0.0864596 3.97097 
 0.0872356 3.98354 
 0.0880213 3.99611 
 0.0888168 4.00867 
 0.0896224 4.02124 
 0.0904382 4.0338 
 0.0912645 4.04637 
 0.0921014 4.05894 
 0.0929492 4.0715 
 0.0938081 4.08407 
 0.0946783 4.09664 
 0.09556 4.1092 
 0.0964536 4.12177 
 0.0973591 4.13434 
 0.098277 4.1469 
 0.0992073 4.15947 
 0.100151 4.17204 
 0.101107 4.1846 
 0.102076 4.19717 
 0.10306 4.20973 
 0.104057 4.2223 
 0.105068 4.23487 
 0.106094 4.24743 
 0.107135 4.26 
 0.108191 4.27257 
 0.109263 4.28513 
 0.11035 4.2977 
 0.111454 4.31027 
 0.112574 4.32283 
 0.113711 4.3354 
 0.114866 4.34796 
 0.116038 4.36053 
 0.117229 4.3731 
 0.118438 4.38566 
 0.119666 4.39823 
 0.120914 4.4108 
 0.122181 4.42336 
 0.12347 4.43593 
 0.124779 4.4485 
 0.126109 4.46106 
 0.127462 4.47363 
 0.128837 4.48619 
 0.130235 4.49876 
 0.131657 4.51133 
 0.133103 4.52389 
 0.134574 4.53646 
 0.13607 4.54903 
 0.137593 4.56159 
 0.139142 4.57416 
 0.140719 4.58673 
 0.142325 4.59929 
 0.143959 4.61186 
 0.145623 4.62442 
 0.147318 4.63699 
 0.149044 4.64956 
 0.150803 4.66212 
 0.152594 4.67469 
 0.15442 4.68726 
 0.156281 4.69982 
 0.158178 4.71239 
 0.160112 4.72496 
 0.162084 4.73752 
 0.164095 4.75009 
 0.166147 4.76265 
 0.16824 4.77522 
 0.170376 4.78779 
 0.172557 4.80035 
 0.174782 4.81292 
 0.177055 4.82549 
 0.179375 4.83805 
 0.181746 4.85062 
 0.184168 4.86319 
 0.186642 4.87575 
 0.189171 4.88832 
 0.191757 4.90088 
 0.1944 4.91345 
 0.197104 4.92602 
 0.19987 4.93858 
 0.2027 4.95115 
 0.205596 4.96372 
 0.20856 4.97628 
 0.211595 4.98885 
 0.214704 5.00142 
 0.217888 5.01398 
 0.221151 5.02655 
 0.224496 5.03911 
 0.227924 5.05168 
 0.23144 5.06425 
 0.235046 5.07681 
 0.238746 5.08938 
 0.242543 5.10195 
 0.246442 5.11451 
 0.250445 5.12708 
 0.254557 5.13965 
 0.258783 5.15221 
 0.263126 5.16478 
 0.267592 5.17734 
 0.272185 5.18991 
 0.276911 5.20248 
 0.281775 5.21504 
 0.286782 5.22761 
 0.29194 5.24018 
 0.297255 5.25274 
 0.302732 5.26531 
 0.30838 5.27788 
 0.314206 5.29044 
 0.320219 5.30301 
 0.326426 5.31557 
 0.332836 5.32814 
 0.33946 5.34071 
 0.346308 5.35327 
 0.353389 5.36584 
 0.360716 5.37841 
 0.368302 5.39097 
 0.376158 5.40354 
 0.384299 5.41611 
 0.392739 5.42867 
 0.401495 5.44124 
 0.410583 5.4538 
 0.420022 5.46637 
 0.42983 5.47894 
 0.440028 5.4915 
 0.450639 5.50407 
 0.461686 5.51664 
 0.473196 5.5292 
 0.485196 5.54177 
 0.497716 5.55434 
 0.510788 5.5669 
 0.524447 5.57947 
 0.538732 5.59203 
 0.553683 5.6046 
 0.569345 5.61717 
 0.585766 5.62973 
 0.603 5.6423 
 0.621104 5.65487 
 0.640143 5.66743 
 0.660184 5.68 
 0.681306 5.69257 
 0.703592 5.70513 
 0.727134 5.7177 
 0.752036 5.73027 
 0.778412 5.74283 
 0.806389 5.7554 
 0.836108 5.76796 
 0.867727 5.78053 
 0.901426 5.7931 
 0.937405 5.80566 
 0.97589 5.81823 
 1.01714 5.8308 
 1.06145 5.84336 
 1.10917 5.85593 
 1.16067 5.8685 
 1.21642 5.88106 
 1.27695 5.89363 
 1.3429 5.90619 
 1.415 5.91876 
 1.49416 5.93133 
 1.58149 5.94389 
 1.67834 5.95646 
 1.78644 5.96903 
 1.90799 5.98159 
 2.04591 5.99416 
 2.20416 6.00673 
 2.3884 6.01929 
 2.6071 6.03186 
 2.87401 6.04442 
 3.21403 6.05699 
 3.68146 6.06956 
 4.45082 6.08212 
 